0:
1: 60.56 264.88 294.22
2: 284.26
3: 196.89 271.81
4: 229.43
5: 76.46
6: 229.36 239.87 269.71 281.55 284.46
7: 84.46
8: 66.11
9: 36.82
10: 290.97
11: 37.84
12: 299.05
13: 219.00 222.51 254.73 264.14 271.46 275.61 280.54 293.88 294.64
14: 233.63 237.81 238.05 247.28 252.04 285.92 289.44 291.44 291.92 292.28 299.20
15: 45.41
16: 81.74
17: 291.50 299.99
18:
19: 70.33
20:
21: 51.59
22: 22.63
23: 58.92
24: 58.61 275.62 282.73 284.42 286.97 287.79 299.84
25:
26: 212.81 243.53 263.90 266.05
27:
28:
29: 175.77 265.45 268.45
30: 284.96 288.49 296.41
31: 259.58 267.01 267.86 276.72 277.16 281.98 285.00 287.20 293.73 295.99 297.33 298.22 298.26
32: 123.22
33: 113.10
34: 290.11
35:
36: 280.33
37:
38: 284.20 285.94 286.93 287.41 290.38
39: 194.93 267.35 293.34 293.59
40:
41: 124.50 136.16 180.56 187.84 192.04 195.67 196.75 201.88 207.73 207.85 213.68 214.33 217.26 223.15 226.55 231.03 232.17 234.43 241.57 243.71 243.72 244.93 246.02 246.89 248.48 253.89 257.79 259.95 264.23 266.89 268.51 270.21 274.83 279.56 281.70 283.29 283.88 285.33 285.65 287.51 288.83 289.11 290.78 290.96 291.29 291.74 292.94 293.09 293.15 294.25 297.25 299.08 299.24 299.63 299.87
42:
43: 213.05 265.56 266.08
44: 285.67 299.04
45: 68.23
46: 277.44
47: 283.50
48:
49: 291.41
50: 126.56 215.16 215.54 247.90 260.51 262.08 272.31 273.66 294.58
51:
52:
53: 268.46 294.65
54: 298.62
55:
56: 197.57
57: 156.95 180.68 190.33 193.14 204.55 217.36 221.03 232.30 236.06 239.50 241.33 245.02 248.21 260.39 268.12 269.20 278.98 279.52 285.96 289.39 289.76 290.90 291.04 292.12 294.70 295.45 296.80 299.24
58: 160.84 194.38 202.06 229.57 244.63 249.61 255.00 262.43 264.17 267.96 268.97 274.78 278.28 280.08 284.30 286.96 288.53 291.92 299.17 299.86
59: 218.23 257.09 287.09 290.75 291.37 291.65 295.31 298.46
60: 234.95 258.06 277.17 277.74 278.47 294.37 296.72
61: 298.20
62:
63: 137.81 143.35 150.45 175.82 196.40 197.79 198.33 199.75 202.10 203.09 204.27 211.48 211.69 212.50 213.60 214.83 217.77 222.51 226.37 230.08 231.59 236.52 237.68 244.72 246.07 247.17 247.62 249.04 249.09 252.49 252.52 259.30 261.09 263.11 263.36 267.42 270.05 271.09 271.58 273.11 279.67 281.98 283.31 285.78 287.17 287.91 288.38 290.78 292.01 294.31 298.98
64: 281.57
65:
66: 145.29
67: 271.86 275.35 286.30 286.92 288.80 296.57
68:
69: 131.92 297.64
70: 267.56
71: 262.59
72: 267.65
73:
74: 269.69 272.88
75: 62.41 93.94 109.99 124.83 142.30 149.70 163.61 175.75 189.72 193.79 207.13 209.93 217.91 220.88 230.69 234.40 234.90 243.92 246.48 249.46 250.34 252.02 252.70 262.90 266.23 266.54 267.19 268.95 269.46 270.82 272.75 276.10 278.60 281.73 282.44 282.49 282.72 290.64 291.74 292.18 294.53 295.25 296.84 298.15 299.00 299.48
76: 168.65
77: 77.08 255.51 282.15
78:
79: 107.42
80: 97.42
81: 294.94
82: 60.02
83:
84: 283.98
85: 291.42
86: 186.31 216.33 240.24 246.56 247.47 255.35 256.50 261.23 271.09 274.98 275.81 275.93 276.07 279.29 280.85 282.71 287.18 289.35 290.65 293.72 294.59 294.79 294.84 297.53 298.12
87:
88: 292.05
89:
90: 189.87
91:
92:
93:
94:
95: 129.17
96: 299.19
97:
98: 117.87
99: 261.44
100:
101: 167.50
102:
103:
104: 278.53 285.77 285.97
105: 226.93 237.73 260.38 267.67 288.91 291.31
106:
107: 292.64
108: 205.92 238.77 241.32 255.48 260.53 272.69 274.53 276.56 279.90 279.94 291.68 298.50 298.85
109: 185.77 205.58 252.49 261.58 276.84 283.41 286.67 297.27
110:
111: 281.75 290.35
112: 174.44 219.65 257.52 263.10 266.54 272.48 278.54 279.77 285.46 285.92 294.54
113:
114: 64.66 235.86
115: 68.32
116: 142.24
117:
118: 77.85
119:
120: 51.18 286.76
121: 48.93 233.23
122: 201.10
123: 278.61 295.16
124:
125: 283.91 284.88 290.20 299.13
126: 76.83
127:
128: 243.68 276.90 280.10 286.79 289.01 293.67 297.20
129: 246.16 249.06
130: 187.33 229.68 230.65 232.49 235.48 248.85 251.07 251.09 257.77 260.16 262.06 263.25 263.96 264.12 269.67 269.79 270.13 271.83 279.46 287.34 293.13 293.75 294.26 296.11 297.81 298.42
131: 121.66 263.49 267.07 279.06 279.28
132: 231.55 292.47
133: 78.41
134: 82.83 267.56
135: 80.22 275.26
136: 244.32 271.65 279.06
137: 274.60
138:
139: 86.08
140: 201.97 258.60 262.73 267.80 279.30 281.20 290.91 291.28
141: 97.80 235.58 247.09 269.37 274.26 281.44 298.32
142: 161.33 186.44 194.98 202.24 217.89 247.82 259.08 263.01 278.22 278.28 278.71 286.26 297.31 297.50
143: 124.43 125.25 171.48 221.98 270.72 271.63 297.91 298.36
144: 65.73 160.08 297.83
145:
146: 187.35 195.93 247.76 265.47 276.99 297.55 298.25
147: 53.18 280.90
148: 212.66 218.72 237.63 242.87 245.84 270.65 272.19 290.08 290.47 295.48 297.58 297.62 299.14 299.74
149: 235.65 271.07
150: 129.68
151:
152: 219.07 288.32
153: 62.90 246.26 276.28 285.78 289.07 291.86 297.39
154: 84.26 262.56 270.98
155: 157.03 186.13 202.15 209.43 209.87 218.68 220.02 243.77 249.73 260.87 269.86 273.58 276.87 285.36 288.57 289.04 291.68 294.99 296.39 298.66 299.32
156:
157: 124.85 166.69 167.33 198.94 206.23 212.65 215.50 218.44 227.03 232.05 234.24 235.56 236.53 240.41 245.02 246.58 246.82 248.51 253.41 256.50 258.13 258.91 258.94 260.20 261.29 261.34 261.97 263.06 264.30 265.32 270.36 272.29 272.77 274.35 275.47 275.95 276.45 277.12 279.16 279.62 280.17 283.82 284.95 285.24 285.58 288.45 290.26 293.12 293.25 293.68 297.30 297.86 299.61 299.99
158: 152.59 171.08 177.55 178.27 195.65 196.00 199.41 204.24 222.56 237.79 243.18 246.18 249.72 250.56 252.96 256.70 264.60 264.91 268.72 271.11 275.64 276.00 278.18 278.51 281.01 282.66 286.14 286.42 287.32 288.62 292.62 294.56 294.99 295.62 296.49 297.30 297.36 298.73 299.19 299.56
159: 253.58
160: 257.02 283.61
161: 292.68
162: 275.72 283.22 285.67 287.26 291.42
163: 204.04 259.86 277.34 298.50
164: 64.87 195.15 285.10 299.29
165:
166: 141.23 211.10 249.33 258.25 269.17 275.03
167: 48.93
168: 172.03
169: 84.55 283.48 291.18 291.79
170: 107.41 210.98 297.67 298.22
171:
172:
173: 260.05
174: 139.05 151.59 173.38 175.38 197.38 199.97 209.66 220.48 230.20 230.56 244.82 246.13 248.27 248.64 251.03 254.19 254.35 255.49 257.32 257.52 258.94 259.70 259.97 267.14 270.42 273.48 273.55 273.97 273.99 274.81 276.40 277.94 280.74 281.16 282.01 282.74 285.22 286.60 287.55 291.79 292.18 292.84 293.37 294.71 295.76 299.10
175:
176:
177:
178:
179:
180:
181:
182: 105.81 297.49
183:
184: 131.32 251.67 282.18
185: 299.45
186: 290.51
187:
188: 294.60 295.72
189: 202.06 211.16 219.80 237.57 239.71 245.32 276.79 280.64 281.03 296.57
190: 279.39
191: 249.90 285.08 293.04 297.66
192: 260.87 262.91 275.43 280.64 286.43
193: 180.74 278.88
194: 252.89 263.07 277.56
195:
196: 120.62 242.78
197:
198: 73.36
199:
200: 162.65
201:
202: 197.68
203:
204:
205: 271.87 299.39
206: 238.64
207: 158.53 191.34 208.94 257.36 260.62 284.60 292.18
208: 57.11
209: 208.62
210:
211: 124.83 242.12 261.30 269.74 274.70 279.72 294.23 296.30 297.33
212: 229.99
213: 205.57 289.85
214: 100.40 193.95 212.08 233.21 245.20 268.97 272.64 272.98 274.92 278.13 278.51 288.23 291.01 291.13 291.13 291.53 291.94 294.86 294.97 296.07 298.83 298.86
215: 114.77 262.70 298.55
216: 139.55
217: 178.04 203.00 231.16 235.31 288.10 292.71 292.88
218: 142.02 175.85 210.84 213.17 258.57 267.91 276.17 278.71 280.64 284.59 287.96
219: 210.40 223.70 232.96 243.68 251.23 255.57 264.34 271.29 271.65 272.82 277.10 279.20 291.35 291.87 294.28
220: 128.42 224.20 255.36 271.60 282.11
221: 38.48 245.50 279.03 293.24
222: 250.26 265.94 277.13 295.51 296.97 299.19
223: 49.97 195.35 229.84 259.67 295.28
224:
225: 74.75 90.76 297.47
226:
227:
228: 211.96
229: 234.61 267.63 295.28 297.00
230: 247.56 250.96 263.56 273.93 286.09 289.50
231: 173.40 260.99 292.20 296.41 297.59
232:
233:
234:
235:
236: 266.50
237:
238:
239:
240:
241: 271.89
242: 255.80 269.94 270.87 276.21 280.64 286.14 292.19 293.47 296.99
243:
244: 156.32 254.31 267.13 276.14 281.10 289.50 293.18 294.27 299.47
245: 90.16
246: 43.34
247:
248: 102.97
249:
250: 187.57 196.56 244.84 274.93 276.49 276.52 276.82 284.26 285.05 287.60 290.96 291.83
251:
252: 236.47 263.34 280.16 283.49 287.68 295.24 296.06
253:
254: 159.54 213.45 237.56 249.15 254.16 260.76 263.43 266.76 270.49 274.73 275.06 287.84 290.99 291.26 292.18 292.52 295.08 297.19 298.01 299.22
255: 223.86
256: 256.11 273.99 299.44
257: 287.24
258:
259: 182.90 189.38 207.90 221.68 224.81 269.05 273.04 278.76 286.48 287.55 290.48 296.71
260: 59.14 246.43 277.49
261: 111.20 157.83 176.19 187.25 221.05 266.75 285.44 288.12 295.35 298.27
262: 54.28 275.02
263: 74.91
264: 192.67 210.95 234.21 245.20 258.18 267.10 267.42 278.18 283.82 292.08
265: 282.88 299.48
266: 235.15 299.58
267:
268:
269: 80.80 277.42
270: 246.12 262.13 286.16 290.42
271: 191.76 203.35 235.17 242.91 245.95 254.58 268.36 282.09 285.37 299.40
272: 102.00
273: 147.74
274:
275: 134.01 137.34 140.70 173.82 254.33 269.99 298.91
276: 187.17 208.56 224.87 236.88 246.53 273.72 287.89
277: 192.73 235.44 267.20 277.79 278.17 283.54 297.29
278:
279:
280: 195.86 262.03 262.98 279.01 280.18 282.49 283.15 287.41
281: 252.37 269.45 279.52
282: 225.93 254.85 270.21 278.14 297.42
283: 205.74 289.00 295.64
284: 85.08
285: 65.39
286:
287: 285.21 287.81
288: 169.45 231.80 244.27 257.95 261.77 262.99 267.26 279.75 292.22
289:
290: 194.85 199.62
291:
292:
293:
294: 288.35
295: 103.09
296:
297: 190.70 210.02 212.97 216.35 221.27 227.12 229.28 242.23 244.29 248.37 253.76 266.64 267.73 271.71 272.95 273.38 273.40 277.18 282.44 283.85 284.84 285.23 286.91 287.15 287.43 289.99 295.62 296.78 297.24 298.50 299.72 299.78
298:
299:
300: 292.76 299.46
301: 68.04 184.32 274.89 277.52 280.62 289.47
302: 284.98
303: 132.92
304: 277.38 286.10 298.36
305: 283.22 284.29
306:
307: 263.32 274.60 292.83 292.96 299.31
308: 263.95 278.76 279.34 287.07 291.50 296.57
309: 58.37
310: 54.84
311:
312: 223.20 228.13 273.82 281.57 283.55 286.17 288.70 290.15 294.88 295.60 296.38
313: 229.59
314: 83.01 263.51
315: 100.82 279.92 298.62
316: 88.89 286.58
317: 252.52 291.39 291.76 295.59
318: 114.76 169.66 203.72 206.53 239.21 241.48 242.73 247.16 251.33 256.51 257.97 263.34 264.65 264.86 276.05 277.37 284.20 286.10 286.94 287.42 289.11 289.30 289.66 293.16 296.02
319: 71.72 202.89 256.89 283.55 283.89 290.46 297.21 298.63 298.93 299.45
320:
321: 163.57 169.41 228.53 231.60 241.04 242.98 259.24 266.59 274.79 274.98 280.11 283.44 283.65 290.49 290.78 291.01 291.25 292.10 293.67 294.07 294.37 294.67 295.07 296.52 296.52
322:
323: 229.57 291.90 297.98
324: 85.70 294.43 294.49 295.35
325: 89.74 254.15 255.21 285.76 291.74 293.59
326: 278.32 294.27
327: 288.15
328: 78.36 266.43 284.38
329: 70.52
330: 257.86 266.40 268.94 297.85
331: 216.69 241.86 286.24 287.57 291.30
332:
333: 122.18
334: 137.69
335: 182.69 211.13 216.41 219.01 223.24 228.30 228.96 229.14 233.99 239.03 252.10 256.47 262.30 264.44 268.98 269.17 270.96 274.58 274.79 275.47 276.34 276.60 278.11 281.01 283.57 284.72 289.18 290.29 292.18 294.92 295.77 295.94 297.75 298.30 299.23
336: 95.55 292.54
337: 168.56 174.21 184.71 197.64 217.56 234.22 234.43 234.87 240.55 242.94 246.64 247.19 247.35 258.23 262.47 262.74 266.51 267.86 269.56 269.57 270.47 273.27 274.48 278.69 280.24 281.76 282.74 285.67 286.65 288.46 290.66 291.18 291.46 292.82 296.78 298.18 298.42
338: 102.33
339: 55.12
340: 258.69
341:
342: 263.77 273.76
343:
344: 268.37 268.87 282.21 283.05 297.88
345:
346: 64.05
347: 76.86
348: 141.40
349: 109.86
350: 235.23 285.54
351: 235.45 254.89
352: 147.44
353: 224.29 249.20 280.55
354: 93.26
355: 89.47
356: 176.07 221.25 280.09 287.50 288.77 289.02 290.45 290.81
357: 117.18
358: 66.84
359: 58.87 143.71 190.94 193.34 194.94 200.55 206.22 212.71 216.38 219.90 227.26 228.37 230.91 232.42 240.97 242.50 243.27 246.98 247.90 248.05 249.72 252.71 253.96 254.82 255.83 263.72 263.79 265.91 266.05 267.19 267.76 269.30 269.51 271.84 274.71 275.41 275.56 275.67 275.86 275.91 276.28 278.47 286.82 288.43 288.74 289.20 289.63 293.41 294.96 297.04
360: 177.84
361: 78.28 171.18 175.58 182.23 198.13 202.24 214.41 216.93 227.77 229.48 237.60 237.77 238.41 242.12 242.17 247.46 247.69 251.24 252.68 260.11 261.04 262.67 262.99 263.54 263.92 264.05 264.31 264.97 267.26 268.08 268.20 268.47 269.85 271.41 274.02 276.32 278.87 280.55 282.39 283.87 284.59 284.80 287.37 287.56 291.59 292.57 292.71 294.96 295.22 297.07 297.66 299.13 299.44 299.51 299.79 299.88
362: 266.12 270.56 292.86
363: 252.82 282.79 287.74
364: 144.32 286.88 288.20 295.89 298.70
365: 272.88 297.74
366: 292.96
367: 51.35 266.49 288.26 289.35 290.98
368: 243.43 256.04 283.34
369: 268.11 274.99 283.04 285.44 285.65 290.08 291.22
370: 55.90 76.97 111.50 118.36 220.57 259.46 285.50 286.49 296.81 297.65 299.79
371: 53.48 61.55 82.79 133.63 194.56 224.57 290.91 299.05
372: 82.41 138.06 139.27 153.25 165.09 171.48 176.29 185.60 190.37 192.52 201.29 213.13 214.04 218.79 221.97 227.80 244.96 249.25 249.38 249.44 250.66 258.92 260.91 268.14 270.06 271.26 273.09 273.16 278.67 281.82 281.84 282.71 288.80 294.08 294.48 295.76 295.86 298.94 299.52
373: 26.13 114.64 139.00 158.86 182.69 200.41 200.57 201.62 201.97 207.76 210.57 232.90 234.57 236.91 239.19 240.36 246.88 248.82 254.74 255.15 259.40 259.79 266.41 267.36 270.25 274.50 280.57 280.99 283.47 285.36 290.41 292.43 293.38 294.42 295.47 296.92 297.27 299.47
374: 267.68 287.02 298.60
375: 213.95 267.18 275.70 283.53
376: 115.91 263.47 295.42
377: 231.22 299.84
378: 282.25
379:
380: 49.86 275.25 276.48 277.66 282.60
381: 75.22 104.56 119.88 123.47 250.83 273.17
382: 90.24 123.45 123.86 131.93 232.38 233.09 296.25
383:
384: 276.76 297.34
385: 256.85 296.03
386: 113.13 251.68 258.25 260.06 262.91 282.47 287.52
387: 168.94 226.65 228.47 236.85 240.85 242.61 274.46
388: 85.57 266.47 293.96
389: 97.52 258.22 290.83 295.65
390: 117.84
391: 47.58
392: 42.73 275.12 288.67
393: 96.88 168.07 255.16 264.55 269.29 279.08 281.70 296.11
394:
395:
396:
397: 250.23 251.38 292.43
398: 245.32 275.41 277.31 296.73
399:
400: 161.18 207.46 241.56 242.54 254.65 267.34 273.70 276.93 278.94 284.57 289.76 290.06
401:
402: 110.35 223.15 259.99 261.04 268.07 268.20 280.34 289.72 292.83 293.62 297.76
403: 219.53 251.57 262.96 279.86 281.95 288.03 293.28 298.38
404: 237.55 251.64 263.34 268.70 298.92
405: 179.23 222.89 223.34 243.12 255.76 277.18 294.99
406: 200.87 220.73 252.53 259.69 261.99 265.86 281.79 283.49 285.59 285.66 298.86
407: 208.59 241.52 242.99 243.21 259.72 260.28 284.15 287.95 289.45 290.42 292.52 295.81
408: 272.15
409: 122.52
410:
411: 62.66 211.40 251.37 266.20 268.56 271.77 283.30 283.66 283.75
412: 82.41
413: 192.24 221.61 253.29 280.05 296.42
414: 266.81
415: 56.19 108.94 120.02 148.46 234.39 261.03
416: 173.07 242.78 243.58 286.82 288.50 290.11 292.59 293.47 295.89
417: 88.37
418:
419: 264.03 270.16 292.29 296.31 298.92
420: 216.33 238.76 253.13 281.59 292.15
421:
422: 178.67 288.39
423: 164.97 295.49
424: 151.06
425:
426:
427: 88.76
428: 253.85 267.99 279.89 292.79
429: 138.72 279.88 282.57 288.33 292.01 293.78 297.66
430: 222.63 287.93 290.89 299.82
431: 157.90 272.00
432: 256.77
433: 281.52
434:
435: 59.22
436: 81.06 298.80
437: 64.46 118.67 193.20 205.28 223.87 227.63 240.10 260.92 261.16 261.51 263.09 280.75 295.26
438: 87.45
439: 62.23 231.89 237.65 241.96 249.44 250.71 258.58 260.53 275.17 280.24 283.52 295.04
440:
441: 75.85 279.45
442: 70.44
443: 68.59
444: 121.21
445: 122.60
446: 53.08
447: 60.77
448: 48.04 181.90 233.73 251.16 288.46
449: 169.76 252.66 293.76
450: 48.72
451: 101.48
452: 291.82
453: 159.27
454: 33.69
455: 86.22
456: 271.34 294.62
457: 266.27 276.47 295.46
458: 72.63
459: 39.95
460: 114.79 294.68 295.24
461: 140.16 277.72 283.37
462: 105.74 173.63 177.33 178.32 229.84 238.97 260.82 261.91 273.02 279.67 280.49 281.38 291.33 291.67 292.50 292.83 293.59 294.20 294.79 296.38 298.42 299.26
463:
464: 209.37
465: 122.84
466: 160.87 231.37 259.23 262.04 262.64 271.48 276.92 288.25 290.96 291.39
467: 70.35
468: 43.07
469: 282.15 291.03 292.48
470: 47.03 197.27 283.43 296.23
471: 66.76
472: 103.10
473:
474:
475: 201.81 296.08
476: 283.42
477: 280.70
478: 286.38
479: 37.43
480: 230.07 263.61 292.73 293.41 295.22
481: 49.58 278.74 292.21 292.56
482: 43.98
483: 37.51 296.46
484: 63.80
485: 89.43
486: 104.69
487: 60.23 136.80
488: 39.18 164.16
489: 59.69 223.55 224.56 245.64 278.22 293.11 294.13
490: 78.42
491: 133.28
492: 138.70
493: 86.77 298.40
494: 56.63 237.49 246.18 264.20 271.07 280.47 285.31 286.84 289.08 292.28 295.69 298.87
495:
496: 285.92
497:
498: 238.75 274.32
499: 184.68
500:
501: 76.32
502: 61.09
503: 79.27 291.32 296.33
504: 40.90
505: 52.19
506: 211.82 279.53 291.16 291.16
507: 116.77 261.03 272.48
508: 49.49 272.94 286.02
509: 95.90
510: 92.00
511: 48.16 249.03 270.75 274.70 287.79
512: 171.57 292.50
513: 23.02 255.63 299.92
514: 166.53
515: 63.92
516: 173.56 298.22
517: 136.29 297.02
518: 169.11 268.53
519: 85.59
520: 113.37
521: 104.31
522: 79.12
523: 120.15 288.51
524: 94.98
525: 285.71 292.09
526: 75.30
527:
528: 240.29 277.94 278.14
529: 80.71 289.22
530: 222.21
531: 43.87
532: 70.82
533: 66.40 296.84
534: 296.26
535: 42.95 280.41
536: 268.48 287.98 297.94
537: 99.68
538: 121.47 285.43
539: 154.51 178.44 217.61 227.90 231.58 251.48 252.10 253.29 267.55 273.48 277.88 277.95 278.42 280.03 283.07 284.24 288.39 291.44 297.82 299.27
540: 71.86
541: 52.85
542:
543: 90.15
544: 60.44
545: 68.78 243.67 261.43 270.99
546: 249.60 297.36
547: 25.42 287.61
548:
549: 299.57 299.86
550: 41.80 297.05
551:
552: 106.50
553: 288.56
554: 110.22 250.19
555: 277.26
556: 46.77
557: 47.93
558: 72.26 241.57 253.38 266.29 289.93
559: 57.14 278.22 297.17 298.36
560: 57.83 295.07
561: 71.75
562: 89.92 189.32 212.03 231.24 233.20 242.42 243.97 245.75 252.13 253.55 254.74 254.98 256.71 258.69 259.00 260.99 267.98 275.04 283.27 285.27 286.76 287.14 287.41 288.19 291.26 291.83 293.73 297.02 298.59 299.39
563: 81.23
564: 87.70
565: 234.83 276.06 279.95
566: 246.50 297.62
567:
568:
569: 70.75
570:
571: 90.15
572: 122.09 224.36 298.58
573: 46.65
574: 135.64
575: 53.51 270.53 283.47
576: 237.69
577: 56.71 273.81
578: 203.57
579: 125.96
580: 56.70
581: 57.58
582: 283.21
583:
584: 104.86
585: 134.35
586: 214.21 214.31 217.59 243.54 256.96 260.51 264.50 268.30 268.91 271.43 274.83 276.58 277.32 277.96 280.69 290.64 297.90
587: 152.31
588: 77.16 203.95 220.24 221.83 232.81 260.71 263.26 273.88 291.30 292.98
589: 289.85
590: 44.00
591: 135.37 270.66 283.67
592: 67.38 207.03 277.32
593: 41.76 274.03
594: 105.83
595: 176.96
596: 89.60 224.22
597: 269.76 290.60
598: 282.61 289.97 295.82 298.49
599:
600: 169.93
601: 51.50
602: 75.39
603: 63.52
604: 117.60
605: 104.28
606: 272.64
607: 77.60 294.21
608: 99.02
609: 56.20
610: 68.75
611: 82.03 247.91 250.42 252.89 276.20 276.28 299.52
612: 138.04 293.34
613: 103.79
614:
615: 100.17
616: 119.15
617: 226.20 271.32
618: 40.45 264.12
619: 95.94
620: 141.59
621:
622: 63.68
623: 44.12
624: 79.24 262.77 268.55 273.67 275.44 275.81 293.72 295.93
625: 184.70 295.57 297.38
626: 108.25
627: 96.87
628:
629:
630:
631: 126.82
632: 201.24
633: 291.33
634:
635:
636: 91.54
637: 78.55
638: 190.00 237.60 238.91 250.11 252.29 256.01 275.31 291.92 295.46 298.60
639: 175.27
640:
641:
642: 269.63 269.64 273.19 276.03 277.22 290.16
643: 201.97 280.78 282.16 291.40 292.60 299.31
644:
645: 293.43
646: 87.63
647: 183.00 279.18 297.83
648:
649:
650:
651:
652: 112.81 282.74
653: 244.95 283.36
654: 290.67
655:
656: 104.61
657: 72.86
658: 57.66
659:
660: 71.66 250.88 260.06 265.52
661: 146.43
662: 135.22 250.13 259.44 282.99 286.53 287.02 291.94
663: 61.18 296.02
664:
665:
666: 287.00 299.58
667: 258.73 287.11 294.05
668:
669: 283.64
670: 293.67
671:
672: 81.64 295.65
673: 104.00
674:
675:
676: 111.32
677: 131.38 266.98 296.96
678: 246.16
679: 298.58
680: 112.41 260.40 265.30 266.49 272.92 274.01 274.17 293.63 294.04 294.99 296.03 296.89
681:
682: 192.02
683: 246.43
684:
685: 102.82 283.98
686: 89.10 263.54
687: 255.81
688: 30.43 215.35 248.36 255.23 265.07 268.18 284.21 292.31 295.04 297.22 298.20
689: 38.90 204.08 270.65 278.58 284.07
690: 83.49 215.94 291.39 298.74 299.42
691: 133.12
692: 103.23 278.05
693: 68.66 286.92
694: 173.69 292.79
695: 277.81 288.54 293.15
696:
697: 168.96 217.72 238.90 262.47 270.05 273.39 276.83 280.41 289.40 291.04 296.00
698: 219.75 237.39 247.41 247.96 248.90 256.76 272.67 274.65 276.16 280.97 286.63 290.72 297.31 298.68
699: 187.84 222.72 223.00 242.25 245.12 256.18 260.26 268.90 271.22 278.62 282.35 286.48 287.13 287.39 290.67 292.84 294.02 295.58 297.16 297.86 298.99 299.05 299.16
700: 56.86
701: 95.90 214.18 222.13 224.27 232.60 247.92 251.27 252.22 256.32 257.05 258.28 259.74 260.03 264.29 270.83 274.51 278.97 284.14 284.41 285.97 287.10 287.84 288.23 289.46 289.63 290.18 292.33 292.34 293.17 297.99 298.07 299.52
702:
703: 260.48 299.56 299.82
704: 285.72 286.99 297.33
705: 72.47 237.46 239.43 246.12 247.02 259.26 276.63 281.71 283.41 287.70 291.64 299.84
706: 187.36 216.55 229.07 234.57 266.07 266.67 270.44 274.72 280.59 284.11 289.61 294.77 296.68
707: 74.42 264.90
708: 224.32 239.94 274.52 280.36 282.44 283.52 283.98 284.39 291.59 297.46 298.20 299.46
709: 289.70 293.83
710: 50.62 253.38
711: 135.48 193.86 234.33 246.12 253.84 259.35 268.36 268.60 282.70 288.96 290.31 299.20
712: 82.64 244.81 259.15 263.08 271.56 297.61
713:
714: 282.08 287.14
715: 31.76 235.83
716: 219.24 227.71 261.18 261.90 277.61 280.09 282.46 283.09 285.56 286.88 287.32 289.45 291.73 292.32 294.50
717: 173.00 179.20 179.22 199.75 200.89 205.94 210.64 216.70 218.73 219.83 226.26 229.31 235.10 244.84 245.35 246.22 246.91 247.20 258.08 262.80 263.25 265.59 267.06 270.25 270.59 272.13 277.22 277.32 277.37 278.47 281.74 283.22 283.31 284.01 284.50 285.50 287.08 287.37 288.60 289.98 291.08 291.42 291.70 292.74 293.37 293.86 293.86 294.02 299.99
718: 116.56 186.59 293.92
719: 226.14 286.93
720: 53.55 299.88
721: 143.73 290.69
722: 191.64 264.48 268.56 283.56 288.59
723: 188.46
724: 274.45 275.97 284.78 295.41 298.27
725: 298.71
726: 182.45 221.84 221.98 222.07 225.45 227.27 229.29 241.21 265.38 276.34 280.66 282.07
727: 161.51 246.22 271.46 272.04 287.67 294.16 297.20 298.90 299.13 299.80
728:
729:
730:
731: 121.07 131.64 134.49 141.69 170.53 174.62 175.21 177.66 181.44 185.28 187.76 198.39 206.46 211.16 217.78 222.43 232.20 234.74 237.71 239.55 242.77 244.08 248.09 251.51 253.24 254.46 257.43 259.16 259.86 260.52 264.75 267.06 268.30 269.34 269.71 274.37 274.98 278.66 282.40 290.42 293.13 293.69 294.10 294.18 294.21 295.78 299.31
732:
733:
734: 95.44 137.96 144.11 156.39 174.79 174.84 189.43 205.19 206.11 211.23 212.92 224.99 226.23 231.27 232.16 232.39 236.82 242.45 242.59 242.72 242.99 249.58 250.00 255.23 256.12 256.34 257.24 257.91 259.33 259.58 259.89 262.18 267.74 272.03 272.31 278.32 278.83 284.88 288.20 291.35 292.05 294.40 296.86 298.27
735: 159.74
736: 211.92 245.35 246.95 260.08 264.57 270.47 274.18 277.85 282.87 283.46 289.36 296.02 299.54
737:
738:
739: 108.05 115.46 158.99 168.61 170.57 177.23 191.49 203.73 204.38 208.77 212.86 218.62 219.23 220.70 223.13 223.71 224.43 228.61 229.15 232.01 234.67 237.81 239.10 242.74 242.83 243.99 245.17 246.56 255.79 255.84 264.42 265.56 266.91 268.32 271.65 276.64 276.86 279.43 280.28 282.62 288.65 289.74 290.78 291.44 292.67 295.38 295.77 296.19 296.40 297.04 299.34 299.88
740: 273.06
741:
742: 241.64 283.93
743: 95.90 221.72 255.86 265.53 279.59 298.97
744: 197.10 266.04 276.28 292.33 294.85 298.69
745: 216.42 249.69 255.15 263.20 263.31 286.85 294.54 296.47 296.48 296.92 299.94
746: 55.74 245.91 294.32
747: 219.20 251.93 263.45 279.84 296.64 297.81 299.33
748: 251.65 269.11 291.11 297.31
749:
750: 71.42 298.31
751: 47.01
752: 48.20
753: 30.27 211.63 293.97 294.35
754: 199.34 256.20 265.73 286.59 287.88 289.63
755: 77.21
756:
757: 74.65
758:
759: 205.15 213.71 217.15 237.87 238.96 239.21 241.92 243.21 258.55 258.98 259.14 274.36 276.10 276.86 281.64 289.82 294.46
760: 83.76 177.93 179.60 211.30 217.23 251.99 259.49 269.10 272.26 287.15 293.47 294.81 296.01 298.74
761: 40.15 224.74 228.51 233.92 257.37 287.44
762:
763: 299.13
764: 256.74
765: 167.80 175.47 260.55 273.85 278.19 280.71 286.56 287.09
766:
767:
768: 98.60
769: 99.80 289.62
770: 60.00
771: 196.94
772: 46.47 193.92 221.67 268.20 273.02 288.35 291.46 295.05
773:
774: 57.71 264.92 266.03 267.08 271.85 280.41
775: 54.33 240.64 249.11 252.65 254.17 254.47 265.09 265.70 274.01 282.21 282.94 295.40 295.88 297.45
776: 50.33 270.63
777: 73.05 84.91 211.38 215.62 231.69 234.59 248.83 254.24 258.12 265.42 279.32 280.22 280.31 281.28 284.82 288.72 289.87 291.41 292.38 293.22 293.70 294.12 296.76 296.78 299.12 299.66 299.79
778: 75.85 263.49
779: 253.06 260.60
780: 58.05 188.53 230.37 245.89 250.68 254.95 257.32 273.27 284.18 295.31
781: 85.29 225.49 233.50 239.85 257.03 268.05 273.26 287.74 294.16 297.45
782:
783: 50.52 186.34 203.06 203.31 254.49 257.97 260.26 280.77 286.55 287.17 288.75 290.58 291.77 293.96 296.97
784: 59.83 276.97 292.54
785:
786:
787: 165.64 239.29 255.28 255.98 267.86 268.32 277.08 278.81 280.88 282.14 291.60 297.63
788: 141.92 258.11 260.95 279.00 287.45 293.60 296.29
789: 133.72
790: 98.63
791: 61.50
792: 260.57 264.73 272.77 276.27 279.99 281.45 282.31 283.76 288.50 291.35 292.76 294.65 295.31 295.39 298.30
793: 193.28 241.28 279.58 282.74 283.03 288.82 289.91
794: 213.59 248.80 273.66 274.33 274.90 286.50 291.71 293.78 298.37
795: 96.15 235.24 277.23 281.18 283.10 285.36 299.92
796: 201.92
797: 124.68
798:
799: 51.47 283.86 296.16
800: 273.55
801:
802: 73.03 280.53 298.34
803: 81.28
804: 258.91 260.29 264.44 271.08 271.08 275.23 277.11 280.98 284.32 289.14 289.68 289.83 293.48 295.86 296.50
805: 141.23 268.03 280.82
806: 124.76
807: 94.32
808:
809:
810:
811: 216.98
812: 289.47 296.14
813: 32.98
814: 256.34 279.11
815: 36.92
816: 258.37
817: 293.46
818:
819: 87.65
820: 62.98
821:
822: 120.49 210.71 235.13 240.79 249.75 255.33 255.58 255.92 259.04 264.20 267.61 267.86 269.46 274.42 276.17 276.80 277.34 278.03 278.31 279.64 282.12 282.32 284.79 285.45 285.99 286.56 286.59 286.68 289.47 289.86 290.67 291.19 291.98 292.15 294.91 295.63 296.04 296.65 299.33
823: 149.15 276.52 294.30
824: 95.08
825: 218.38
826: 77.41 253.16 277.68 284.09 287.93 288.68 296.77
827: 161.84 240.29 245.71 249.30 250.75 256.14 264.38 267.76 279.56 283.12 285.97 287.80 292.37 292.61
828: 57.44
829: 274.52 279.59 286.55 286.83 290.86 291.23 298.42 298.45
830:
831: 96.02
832: 273.36
833: 210.95 230.41 232.67 234.02 243.42 246.31 259.19 269.34 269.48 282.52 285.13 290.99 291.43 292.30 293.52 294.81 296.26 297.41 299.40
834: 76.11 198.43 225.50 246.82 265.38 268.21 277.87 286.53 287.15 289.65 299.19
835: 92.50 240.50 242.93 284.21
836: 87.89 257.93 270.98 272.47
837:
838: 93.51 299.79
839: 70.26 156.22
840: 183.82 275.86 279.80 288.20 290.28 299.66
841: 210.51 247.96 255.20 274.13 280.21 286.53 288.35 295.10 295.82
842: 236.99 287.81 292.00 292.92 296.55
843: 267.51 275.91
844: 70.44
845: 112.10 270.61 281.69 298.08 299.16 299.69
846:
847: 90.79 281.65
848:
849: 96.30 275.93
850: 80.25 241.77 260.27 271.01 297.62
851:
852:
853:
854: 249.20
855: 149.33
856:
857:
858: 182.46 191.52 201.91 205.71 239.75 243.10 260.20 261.03 263.71 264.82 268.52 271.23 278.65 284.36 284.51 289.23 294.61 295.73 297.91 298.30
859:
860:
861: 199.69 226.85 245.62 256.83 259.75 268.70 270.04 273.68 276.18 277.03 280.65 281.42 282.35 284.37 284.39 285.94 290.15 295.08 295.09 297.98 298.02 299.14
862: 213.51 253.41 262.36 263.09 263.87 270.60 275.69 276.89 277.57 279.62 283.04 283.63 288.52 288.73 288.92 291.48 294.27 297.65
863: 216.87 225.20 225.20 238.17 239.01 239.27 247.98 259.18 259.58 270.36 276.70 281.34 281.58 285.62 287.74 290.76 293.78 294.58 295.22 295.73 299.28
864:
865: 298.40
866: 225.08 231.25 232.22 253.01 253.27 260.83 261.52 264.14 268.79 276.66 284.19 286.43 287.89 295.33 295.66 298.69 299.11 299.42 299.86
867: 293.48
868: 259.65 270.70
869: 89.36 233.85 297.17
870: 266.33 298.55 298.66
871:
872: 118.91
873: 140.03
874:
875: 289.09 290.30
876: 143.93
877:
878: 115.53 142.58 155.29 157.04 157.27 160.70 178.92 180.01 181.08 182.71 185.01 218.75 220.85 227.15 240.94 244.37 246.10 248.49 249.27 262.09 263.42 264.45 267.57 268.29 271.77 274.99 275.28 277.16 279.68 279.79 283.34 283.89 286.82 287.00 287.39 288.70 293.46 295.32 298.17 299.96
879: 59.66 229.71 262.62 263.11 278.77 279.89 286.10 289.98 291.96 294.06 294.57 295.18 296.76 296.78 297.58 299.85
880:
881:
882: 249.98
883: 121.46 254.55
884:
885: 215.32
886: 213.46 231.28 256.59 259.27 264.87 268.18 282.62 289.33 291.58 291.96 292.64 293.04
887: 190.73
888: 118.25 266.63 278.01 280.02 286.88
889:
890: 118.76
891:
892: 212.50
893:
894: 240.74
895: 48.58
896:
897: 98.44
898: 139.52
899:
900: 160.18 278.14 282.21 286.82
901: 180.52 194.09 200.28 208.37 231.98 244.79 255.69 261.41 263.69 263.92 269.85 269.86 270.23 276.00 280.33 298.99 299.31
902:
903: 185.80 250.36 255.87 256.04 262.82 266.58 267.83 268.77 270.42 271.97 274.93 276.99 277.38 280.02 282.60 283.01 287.84 288.63 290.13 294.05 294.26 298.40
904: 288.03
905:
906: 247.33 278.77
907: 244.49 289.14
908: 57.54 296.91
909: 200.04 242.69
910: 295.52
911: 47.73 240.34 261.71
912:
913: 127.27
914:
915: 92.70 287.37
916: 235.90 279.19 281.99 291.24
917:
918: 189.77 226.45 227.65 232.59 239.45 242.94 259.95 273.45 283.09 285.15 288.93 289.66
919: 230.31 263.26 284.27 284.54 290.49 293.80 293.99 295.79 296.27 298.71
920: 89.08 275.32
921: 137.54 272.43 273.66 288.93 292.71
922: 290.09 295.60
923:
924: 64.40 276.52 287.08 287.98 290.39 290.68 299.06
925: 286.72 286.83 287.28 294.54 298.72
926:
927: 280.33 282.09 282.11
928:
929:
930: 42.92 281.51 290.93 292.26
931:
932:
933: 272.23
934: 163.89 172.23 195.88 200.31 201.91 224.74 231.58 234.23 236.61 243.36 252.46 253.73 253.93 257.31 258.84 259.76 259.85 263.40 265.45 271.16 271.69 271.77 272.87 275.69 276.95 278.55 281.63 284.20 286.11 287.62 288.40 288.79 291.00 291.76 292.53 294.04 295.82 296.20 296.47 297.18 297.37 298.17
935: 40.95
936:
937: 241.36 295.14 299.46
938: 51.48
939: 113.88 276.49 299.93
940: 230.68 265.10 268.33 270.26 278.85 279.24 288.44 294.17 298.91
941:
942: 45.16
943:
944:
945: 87.50
946: 287.18 292.53
947: 235.60 262.71 295.14 298.68 298.97
948: 213.70 225.83 241.71 242.73 246.83 248.91 272.88 278.25 295.34 296.97
949: 110.04 233.38 268.77 274.40 293.10 293.39 294.01
950:
951: 25.44
952: 253.34 282.93
953: 238.30 278.21 285.73 294.75
954: 295.21
955: 67.45
956: 64.95
957: 83.29
958: 141.28 298.57
959: 53.46 264.10
960: 262.38
961: 264.45 268.49 273.37 280.99 283.72 294.15
962:
963: 283.58 286.45
964: 147.72 197.93 210.96 215.69 219.94 221.58 224.94 230.94 238.54 240.04 253.48 254.36 257.39 258.13 262.98 264.71 269.33 281.48 285.55 289.51 289.66 290.31 294.07 297.93
965:
966: 291.19
967:
968: 272.77 274.84 294.04
969: 211.25 238.72 257.86 260.14 264.48 266.30 271.30 277.33 280.12 287.58 292.67 299.32
970: 279.60 289.21
971: 297.95
972:
973: 289.88
974: 280.49 299.93
975: 263.80 298.36
976:
977: 270.71
978: 222.46 254.99 264.70 283.80 289.68 298.39
979: 218.71
980:
981:
982: 294.34 298.39
983: 269.81 278.47
984:
985:
986: 264.72 291.68 299.45
987:
988:
989: 117.58
990: 248.27
991: 275.14
992:
993: 102.74
994: 144.77
995: 60.22
996:
997: 290.99
998: 253.71 273.95 282.37 285.76
999: 175.66
1000: 62.20 205.39 214.61 216.67 225.59 236.48 240.52 248.04 260.43 292.11 294.05 295.26
1001: 179.37 285.70
1002: 68.15
1003: 247.12 259.92 285.15
1004:
1005: 267.03 284.00
1006: 244.09
1007: 86.07
1008: 81.02 293.94 299.97
1009: 54.55
1010: 84.66
1011: 203.34
1012: 61.88 252.58 292.14
1013: 79.31 297.53
1014: 201.21 298.30
1015: 180.33
1016: 235.60 255.98 289.85
1017: 47.68 251.89 255.58 257.55 261.42 261.63 280.69 294.86 297.79
1018: 69.48 188.73 220.69 255.90 277.54 282.28 296.60
1019: 41.48 215.57 243.47 269.33 299.15
1020: 260.22
1021: 88.71
1022: 288.80 294.63
1023: 63.62 250.95
1024:
1025:
1026: 78.74
1027: 182.24 185.88 208.32 219.90 229.62 230.56 239.91 240.84 255.60 256.43 261.26 262.03 264.05 264.91 265.23 265.99 272.16 275.57 276.06 276.11 277.92 283.46 285.85 288.87 289.54 289.66 290.69 291.84 292.12 293.63 293.92 295.75 295.98 297.50 297.88 298.64 298.90 299.31
1028:
1029:
1030: 76.85 286.68
1031: 267.78 274.58 299.28
1032: 283.55 295.03
1033: 59.72 271.51 292.99
1034: 68.30 276.42
1035: 101.93 274.66 288.95
1036: 279.93 288.61 290.30 291.01 298.40
1037:
1038: 283.66 293.33
1039: 50.18 248.13 259.87 264.84 275.79 276.66 280.42 281.14 282.95 284.56 285.84 287.00 287.56 289.98 290.15 290.69 292.60 296.23 297.51 299.56 299.80
1040: 259.50
1041: 112.38 280.42 298.90
1042: 66.42
1043: 259.11
1044: 202.85 285.53 296.03
1045: 75.24 278.63 284.49 286.90
1046: 277.46 288.65 289.26
1047: 157.81
1048: 32.51 260.88 261.42 273.90 275.48 280.60 280.98 290.80 295.80
1049:
1050: 83.95
1051: 201.96
1052: 293.15
1053: 83.24 283.47 292.24
1054: 201.51
1055:
1056: 209.37
1057: 112.33
1058: 113.52
1059: 109.21
1060: 65.73
1061: 82.00 286.56 295.57
1062: 151.58 186.91 194.63 206.08 213.10 225.93 226.10 226.26 229.97 234.84 238.61 240.80 241.86 250.80 253.24 254.11 255.45 255.71 260.03 260.66 267.55 269.47 269.51 269.66 269.93 271.51 271.69 273.46 274.21 274.76 275.18 275.58 276.78 278.81 278.88 279.89 281.93 282.58 283.66 283.83 285.56 288.40 288.91 289.99 291.00 293.32 294.61 296.51 296.55 298.34 298.53
1063: 113.38
1064: 168.12 237.82 290.49
1065: 281.35 286.47
1066: 95.40
1067: 66.23
1068: 210.58 226.87 245.12 248.17 256.65 259.60 263.26 269.89 274.53 282.49 294.37
1069: 125.45 295.66
1070: 51.13 269.34
1071: 65.34 273.83 278.33 290.60
1072: 277.49 284.50 294.67
1073: 77.32
1074:
1075: 86.61
1076: 92.75
1077:
1078: 60.71
1079:
1080: 122.63 241.61 289.06
1081: 185.24 210.02 212.39 225.20 226.01 252.39 253.31 258.20 267.92 272.11 272.78 278.76 284.83 285.47 285.78 289.31 290.42 291.19 294.78
1082:
1083:
1084: 281.52 286.44 299.84
1085: 164.01 299.46
1086: 297.52
1087:
1088: 98.95
1089:
1090: 80.40
1091:
1092:
1093:
1094: 59.39
1095: 154.66
1096: 293.21 294.91
1097: 182.78 199.60 240.07 245.03 245.11 250.69 252.34 262.19 272.25 276.81 294.36 297.90
1098: 39.81 201.81 221.52 257.28 257.69 259.33 263.51 268.52 279.53 284.26 284.57 284.91 289.28 291.52 293.01 294.12
1099: 157.94 158.40 169.77 179.74 206.48 206.75 211.14 211.20 212.21 227.23 232.13 233.48 233.58 239.28 239.98 250.87 254.64 255.13 259.04 260.97 262.11 263.94 265.02 265.63 267.51 267.57 268.00 275.37 275.45 279.27 285.46 285.57 288.29 288.98 289.59 289.94 290.44 290.51 291.71 297.79
1100:
1101: 65.41
1102: 83.82 249.96 278.70 294.11
1103: 255.63 259.30 260.65 268.55 275.16 275.90 278.32 278.76 281.52 284.87 289.37 290.78 294.43 298.34
1104:
1105:
1106: 257.51
1107: 76.05 250.00
1108: 179.11
1109: 51.34 208.80 213.94 221.79 243.74 245.89 274.40 275.13 286.79
1110: 296.46
1111:
1112:
1113: 207.10
1114:
1115: 298.39
1116: 222.57
1117: 57.21 234.31 236.35 251.90 259.98 270.18 278.05 279.42 282.75 283.48 289.08 293.82 294.96 295.58 296.38 297.53 298.43 298.47 299.44 299.78
1118: 53.70
1119: 80.00 285.50
1120: 136.03
1121:
1122: 288.35
1123: 227.60
1124: 204.67
1125: 134.70
1126: 86.87
1127: 131.41 274.15 298.35
1128: 59.15 273.93 273.99 293.93 298.55
1129:
1130: 242.04
1131: 231.13 264.70 265.45 268.25 278.10 282.10 289.06 290.20
1132:
1133: 114.41
1134:
1135: 222.82
1136: 42.88 193.56 293.90
1137:
1138: 290.24
1139:
1140:
1141:
1142: 156.81 277.31 280.03 298.08
1143: 234.83 266.39 270.18 276.28 279.63 280.78 282.31 283.39 288.74
1144: 85.17 97.42 162.56 163.92 172.32 174.95 181.09 182.43 184.32 207.76 207.77 212.62 214.96 215.04 219.83 221.85 223.55 226.04 231.28 232.00 236.41 240.05 243.89 246.83 250.94 261.27 265.13 268.73 270.71 271.70 272.96 275.72 276.89 279.80 281.00 282.16 283.80 284.12 288.97 289.11 289.99 290.71 290.94 291.62 292.28 292.35 294.14 298.22 298.58
1145: 200.98 220.67 222.06 240.59 255.38 280.37 283.46 289.45 295.19 297.42 298.01
1146: 127.76
1147: 197.17
1148:
1149:
1150: 137.09
1151:
1152: 189.32 237.12 270.63 275.98
1153: 110.05 268.30
1154: 39.04 255.05
1155:
1156: 93.67 134.41 154.10 157.30 157.74 167.09 168.25 169.42 181.08 184.08 197.83 221.13 221.95 222.51 225.66 233.13 248.63 249.88 253.54 256.83 258.75 260.39 264.13 265.18 271.68 271.77 277.89 278.16 278.70 281.25 282.92 283.06 283.39 292.63 294.16 296.16 296.93 297.63 299.46
1157: 177.37 181.27 215.22 216.90 219.86 222.11 236.33 240.27 243.57 259.48 263.65 264.72 265.59 266.10 271.68 299.85
1158:
1159: 283.10
1160:
1161: 75.39 237.75 251.37 258.25 270.55 271.43 279.60 285.10 288.76 291.97 294.93
1162:
1163: 139.01 284.08 291.89
1164: 58.12 192.90 256.79 258.53 268.50 269.12 273.25 278.38 281.54 287.77 296.98
1165: 259.78 296.06
1166: 221.00 292.74
1167: 66.36 238.27 298.27
1168: 95.86 283.01
1169: 86.48 285.28
1170: 56.44 262.02 296.23
1171: 287.61 290.08
1172:
1173: 33.50 252.00
1174: 266.52 268.59 281.96 283.22 288.05 293.05 299.78
1175: 41.35 252.36 255.06 295.28
1176:
1177: 237.99 241.69 260.13 261.06 264.72 276.30 284.76 297.10
1178: 50.55 203.67
1179: 188.64 298.95
1180: 64.65
1181: 164.69
1182:
1183: 95.17 206.96 220.56 242.52 256.03 269.31 272.87 280.16 281.18 281.41 285.19 285.58 286.31 291.24 293.65
1184: 240.72
1185:
1186: 85.05 209.35 211.74 254.26 271.51 289.60
1187: 177.80 225.79 244.96 269.21 282.07 285.59 289.36 289.46 295.29 297.86
1188: 93.75 275.96 280.50 281.41 284.68 286.55 288.82 295.22 297.29
1189: 280.15 284.86 289.40
1190: 60.20
1191: 62.20 219.27 225.81 229.55 240.03 242.25 248.64 250.51 252.44 259.43 262.29 262.32 268.04 271.19 271.25 273.83 278.42 278.88 280.45 282.09 282.90 282.94 283.24 284.82 286.95 288.85 289.40 289.92 290.35 290.92 291.22 296.49 296.65 296.92 297.38
1192: 80.36 297.96
1193: 160.51 285.72
1194: 97.09 205.16 214.67 230.29 258.86 268.44 269.95 274.45 274.96 276.00 290.49 292.67 294.28 297.74
1195: 220.44 224.72 232.15 250.46 255.29 262.18 274.83 293.18 293.88
1196: 155.31 290.55
1197: 68.43 289.73 296.58
1198: 204.93
1199:
1200: 39.40 217.44 224.21 257.24 297.21
1201: 72.55 185.22 217.99 221.77 238.49 240.04 249.35 262.06 271.78 281.50 284.76 293.37 293.86 297.78 298.84 299.18
1202:
1203: 269.94
1204:
1205:
1206: 172.16 298.12 298.20
1207: 163.21
1208: 89.45 266.65 281.03 288.94
1209: 143.65
1210: 289.61
1211: 245.88 268.31 269.63 271.11 286.67 292.38 297.74 297.81
1212:
1213:
1214: 39.06 218.25 239.26 251.09 274.52 288.06 289.96 293.49 297.86
1215: 46.14 279.84
1216: 232.20 282.84
1217: 62.77
1218: 293.43 294.45
1219: 79.49 279.86 287.34 292.85 298.70 299.27
1220: 71.59
1221: 22.72 184.30 249.52 267.02 269.42 287.06 293.22
1222: 21.54 248.30 256.20 258.35 285.98 288.93
1223: 74.40
1224: 196.61
1225: 186.11
1226: 66.57 257.71
1227:
1228: 234.33 246.97 256.85 257.15 264.80 271.00 273.41 285.89 287.70 290.63 291.48
1229:
1230: 95.72 194.19 246.16 252.28 262.65 264.85 270.27 270.84 291.92 296.59
1231: 139.24
1232: 69.42
1233: 111.49
1234: 141.45 282.72
1235: 33.90 100.28 285.09 293.25 293.38
1236: 102.05 271.74 288.49 298.69
1237: 54.51 149.71 200.28 201.05 215.06 234.76 234.97 242.03 266.56 274.13 275.56 278.95 279.66 281.61 284.42
1238: 74.22 243.45 294.62 298.10
1239: 70.42 219.90 245.70 289.90 299.85
1240: 150.33 164.37 168.84 204.55 205.99 212.37 222.08 227.75 227.89 233.03 238.39 243.91 244.74 246.09 246.19 247.29 249.43 251.93 255.05 260.22 265.18 269.92 272.03 272.38 275.14 275.29 278.75 281.38 283.55 285.26 285.38 289.51 291.93 296.46 297.90 298.33 298.56
1241:
1242: 199.31 270.49 284.65 295.82
1243: 61.46
1244: 51.57
1245: 108.90
1246: 103.57
1247: 98.82
1248: 184.03 267.71 278.16 296.97
1249:
1250: 229.49 236.84 237.16 237.63 242.59 255.14 266.62 268.07 278.68 280.60 285.31 285.80 289.67 290.35 293.09 294.53 295.02 298.87
1251: 182.10
1252:
1253: 273.57
1254: 278.52 293.17
1255: 239.89 251.93 280.64 289.41 294.27
1256: 260.42 298.43
1257: 91.48 288.77
1258:
1259: 123.88 213.77 256.20 260.04 262.33 266.06 289.51 291.80
1260:
1261: 136.58
1262: 259.78
1263: 99.17
1264: 30.64 174.35 194.52 200.00 200.30 209.04 210.06 212.92 217.46 223.31 224.21 226.72 230.96 231.47 236.20 239.38 240.09 240.65 243.00 249.85 251.75 253.24 253.48 260.69 260.78 262.33 262.54 263.47 263.61 270.19 274.05 277.41 277.47 277.92 280.29 280.39 284.70 284.82 286.09 287.24 287.50 288.32 288.39 288.66 289.66 291.15 296.09 297.97 299.13
1265:
1266: 214.98
1267: 251.73 278.64 295.74
1268: 145.44 281.09
1269:
1270:
1271:
1272: 153.61
1273: 105.42 244.15 259.57 266.64 273.07 280.38 286.26 287.69 292.12 299.62
1274: 102.44
1275: 280.15
1276: 112.82 286.64 298.50
1277: 171.62 207.74 211.45 228.60 229.03 253.11 266.40 267.55 267.67 272.01 296.29 299.77
1278: 97.81 290.13
1279: 185.15 233.01 237.69 242.15 267.57 274.94 282.19 285.50
1280: 190.41 256.31 288.45 293.18 297.81
1281: 198.25 283.38
1282: 229.37 295.68
1283: 255.53 256.85 264.47 288.81
1284: 87.21
1285: 77.09 223.62 239.18 251.71 277.18 283.43 286.59 295.84 299.71
1286: 184.78
1287: 58.61 245.41 256.03 258.38 261.13 278.33 281.07 288.00 295.28 297.77
1288: 32.51
1289:
1290: 238.34 262.01 284.12
1291: 264.23 278.78 296.40
1292: 230.77 294.67 295.08
1293: 157.90 296.46
1294: 256.38 273.22 283.58 284.28 290.04
1295:
1296: 119.31 239.75 253.29 254.37 258.01 260.61 265.57 285.24 289.14 291.25 293.43 295.91 297.42
1297: 55.98 219.99 287.05 298.61
1298: 154.70
1299: 176.64 182.73 207.81 234.22 240.10 242.18 243.78 244.16 245.20 251.83 260.74 261.04 262.26 266.98 268.76 272.72 274.95 276.85 277.49 277.64 278.01 280.27 281.67 284.34 286.26 288.33 288.48 289.22 290.53 291.09 293.44 294.46 295.58 295.65 297.80 299.22
1300: 169.99
1301: 59.21
1302: 35.71 253.94 262.92 270.48 297.22
1303: 46.90 276.47 277.68 282.42 292.44
1304: 122.32 281.56
1305: 246.37
1306:
1307: 94.41 269.63 272.90
1308: 158.94
1309: 141.49 145.21 175.99 190.06 218.68 266.34 276.16 292.75
1310: 79.57
1311: 103.90 264.67
1312: 289.22
1313: 73.70 224.03 226.48
1314: 172.24
1315:
1316:
1317: 295.70
1318: 155.35 155.90 169.83 171.78 187.08 255.69 278.37 290.91
1319: 77.60 193.91 271.62
1320: 115.87 166.13 235.13 246.02 250.72 263.54 263.64 281.21 284.92 288.86 290.16 297.19
1321: 111.49
1322: 210.79 221.77 226.71 232.63 248.57 267.22 273.42 278.24 280.22 282.25 296.88
1323:
1324: 102.05 240.49 246.43 249.94 270.67 271.28 274.99 283.90 288.84 293.26 293.70 294.09 296.92 298.06
1325: 168.85
1326:
1327: 293.16
1328: 226.75 234.29 248.17 283.68 290.74 295.38
1329: 139.67
1330:
1331: 106.46
1332: 114.36
1333: 292.57 298.61
1334: 97.92 227.34 247.22 250.70 273.13 291.42 294.00 296.18
1335: 97.30 284.99 290.43 296.03 298.45
1336: 48.37 242.39 271.51 284.94 291.39 294.32
1337:
1338:
1339: 126.86
1340: 264.48 285.43 289.07
1341: 71.45 195.83 250.84 257.42 262.56 271.06 278.46 285.42 299.00
1342: 71.11 289.24 291.73 293.76 299.74
1343:
1344: 288.01
1345: 77.78 148.97 191.98 192.32 224.80 226.63 229.08 229.84 234.58 240.77 251.88 257.61 259.49 264.44 266.95 276.58 277.31 277.87 278.07 282.68 285.27 293.13 293.33 294.20 299.64 299.67 299.91
1346:
1347: 122.05 268.83 277.95 296.53 298.82 299.37
1348:
1349: 165.79
1350:
1351: 152.21 275.68 290.94
1352: 30.87
1353: 25.65
1354:
1355: 149.19
1356:
1357: 149.96
1358: 62.02 288.74
1359: 67.68 221.96 239.86 294.53
1360: 88.85
1361: 120.32 216.00 241.06 270.84 279.90 283.39 289.21
1362: 294.35
1363: 262.92
1364: 108.49
1365: 153.09 243.38
1366: 290.16
1367:
1368:
1369: 173.74 277.93
1370: 290.31 295.33
1371: 43.79
1372:
1373:
1374: 111.94 197.04 236.56 243.71 268.58 277.64 278.47 281.32 289.96 293.39
1375:
1376:
1377:
1378: 156.92
1379: 183.14 275.74
1380: 208.28
1381: 113.05 269.90
1382: 187.42
1383: 97.08 230.96 232.59 240.25 249.34 252.93 253.21 263.79 265.06 265.79 266.97 267.48 272.16 272.96 277.18 286.84 290.85 291.81 293.58 294.16 294.61 296.62 297.33 299.12
1384: 236.50 267.08 282.58
1385: 297.68
1386:
1387:
1388:
1389:
1390: 191.38
1391: 254.77 274.60 282.34 283.85 294.50
1392: 87.68 294.78
1393: 165.66 183.64 219.21 227.55 248.26 251.14 253.31 254.08 254.72 259.41 260.10 269.78 271.42 271.79 273.60 274.27 278.31 283.78 283.88 284.16 286.43 286.63 289.66 291.74 292.43 293.56 293.96 294.74 295.07 296.01 298.08
1394:
1395: 83.01
1396: 103.34
1397: 74.34
1398: 68.28 233.97 256.72 272.93 273.32 276.41 284.34 287.80 295.00
1399:
1400: 284.78
1401: 75.56 261.44 263.71 285.67 288.26 297.60
1402: 67.64 251.77 256.56 258.22 267.10 279.35 292.23 297.03
1403: 67.99 199.14 206.84 209.11 217.42 222.94 243.12 243.71 253.41 254.53 254.55 256.66 257.82 258.68 259.54 261.87 263.29 264.22 265.70 266.20 270.85 278.35 278.49 280.10 280.18 280.35 280.51 281.32 283.69 286.46 288.12 288.31 289.43 290.47 291.19 292.35 292.42 297.10 299.99
1404:
1405:
1406: 48.66
1407: 43.69
1408: 40.62
1409: 88.96
1410: 55.74
1411: 145.60 289.31 298.03
1412:
1413: 115.84 239.43 261.87 281.26
1414: 239.45
1415: 248.85 298.27
1416: 57.33 224.88 258.04 274.66 276.92 278.09 297.11
1417:
1418: 111.92 217.93 254.71 264.62 281.24 295.01 297.87
1419: 59.25 290.70 293.61
1420:
1421: 44.44 272.83 275.74 293.87 297.98
1422:
1423:
1424: 232.72 240.62 250.92 255.09 267.31 269.76 275.95 276.36 279.40 285.03 295.62 298.04 298.98
1425: 75.23 258.34
1426: 94.31
1427:
1428:
1429:
1430: 101.37
1431:
1432: 271.90 272.27 282.49 286.01 293.36 293.68
1433: 65.97 255.50 260.30 260.97 263.76 270.42 271.65 284.93 291.60 294.98
1434: 72.89 235.00 244.53 250.99 253.92 262.96 270.53 277.52 283.70 283.98 286.76 289.37 292.33 296.22 299.06 299.15 299.70
1435: 148.58 281.75 288.43 289.46 291.96 293.19 295.01
1436:
1437: 59.74 282.31
1438: 250.42 257.46 267.35 282.35 292.47
1439:
1440: 239.44 276.98 288.42
1441: 66.56 278.89 286.07 290.23 296.44 298.83 299.39
1442:
1443:
1444:
1445: 87.28 266.45 292.74
1446: 151.60
1447: 35.97 295.47
1448:
1449:
1450: 166.65 189.48 242.05 261.62 264.53 268.20 282.62 291.45 293.84 299.10
1451: 94.20
1452: 92.54
1453: 246.55 282.04 285.63 297.33 299.32
1454: 265.30
1455: 275.85
1456: 191.54 198.17 240.07 242.20 243.35 250.99 256.91 257.84 265.38 265.93 277.83 285.03 288.13 292.61 296.99 298.19
1457:
1458: 84.79 293.03
1459: 190.32 240.39 270.65 278.20 284.78 286.60 289.35 293.57 295.34 296.82
1460: 66.12
1461: 59.53 282.03
1462: 134.77
1463: 206.80 238.04 248.55 260.24 260.48 278.15 281.27 282.43 287.77 296.21 299.06
1464: 219.95
1465:
1466: 264.62
1467: 222.18 263.48 269.65 279.10 281.26 282.73 299.50
1468: 57.43 241.81 249.24 252.66 267.03 268.16 285.61 291.48
1469: 285.10 290.33
1470: 259.03
1471: 44.74 244.89 283.29 284.79
1472: 138.66 254.51 261.30 281.01 281.40 283.23 297.63 299.36
1473: 243.83 251.37
1474:
1475:
1476:
1477: 97.64 217.41 224.02 241.97 249.36 249.74 267.77 269.81 270.68 274.81 276.67 282.95 287.39 289.14 295.48 298.34
1478:
1479: 59.29 251.58 274.32 291.31
1480: 269.35 281.56 282.22 297.94
1481:
1482: 257.81 265.36 282.67 283.31 283.70 288.30 292.05 295.92 297.73 298.18
1483:
1484: 272.74
1485: 247.73 275.17 283.26 287.48 288.19 298.16
1486:
1487:
1488: 62.48 180.88 199.31 200.47 205.99 206.47 207.19 219.61 221.04 226.68 228.37 229.76 249.34 250.59 257.24 260.51 261.90 262.31 264.56 264.64 269.89 269.96 271.70 278.59 278.64 281.05 286.02 289.80 297.83 299.40
1489: 266.39 298.45
1490: 287.88 288.91
1491:
1492: 129.36
1493: 125.37
1494: 253.75 261.47 270.93 277.50
1495: 50.71 217.32 236.79 236.86 251.57 285.97 288.90 293.90 295.21 295.86 297.71 298.29 299.12
1496: 123.60 161.38 188.23 191.92 192.32 193.81 195.36 196.16 199.11 205.24 205.48 215.84 216.63 231.44 231.75 238.14 242.59 242.69 243.16 250.17 252.43 253.58 260.60 262.76 263.03 263.42 263.96 267.07 273.38 273.57 274.49 276.27 276.53 276.77 277.80 278.34 278.34 280.20 280.35 283.64 284.30 286.31 286.93 287.70 289.56 289.68 293.00 295.09 295.97 296.36 299.22
1497:
1498:
1499: 248.81 275.58
